 format 1 0
  l    m   lp   mp        Rjj(1)        Rjj(2)         Rjj(3)
  1   -1    0    0  0.0000000000  0.5773502692  0.0000000000
  1    0    0    0  0.0000000000  0.0000000000  0.5773502692
  1    1    0    0  0.5773502692  0.0000000000  0.0000000000
  2   -2    1   -1  0.4472135955  0.0000000000  0.0000000000
  2   -1    1   -1  0.0000000000  0.0000000000  0.4472135955
  2    0    1   -1  0.0000000000  0.2581988897  0.0000000000
  2    2    1   -1  0.0000000000  0.4472135955  0.0000000000
  2   -1    1    0  0.0000000000  0.4472135955  0.0000000000
  2    0    1    0  0.0000000000  0.0000000000  0.5163977795
  2    1    1    0  0.4472135955  0.0000000000  0.0000000000
  2   -2    1    1  0.0000000000  0.4472135955  0.0000000000
  2    0    1    1  0.2581988897  0.0000000000  0.0000000000
  2    1    1    1  0.0000000000  0.0000000000  0.4472135955
  2    2    1    1  0.4472135955  0.0000000000  0.0000000000
  3   -3    2   -2  0.4629100499  0.0000000000  0.0000000000
  3   -2    2   -2  0.0000000000  0.0000000000  0.3779644730
  3   -1    2   -2  0.1195228609  0.0000000000  0.0000000000
  3    1    2   -2  0.0000000000  0.1195228609  0.0000000000
  3    3    2   -2  0.0000000000  0.4629100499  0.0000000000
  3   -2    2   -1  0.3779644730  0.0000000000  0.0000000000
  3   -1    2   -1  0.0000000000  0.0000000000  0.4780914437
  3    0    2   -1  0.0000000000  0.2927700219  0.0000000000
  3    2    2   -1  0.0000000000  0.3779644730  0.0000000000
  3   -1    2    0  0.0000000000  0.4140393356  0.0000000000
  3    0    2    0  0.0000000000  0.0000000000  0.5070925528
  3    1    2    0  0.4140393356  0.0000000000  0.0000000000
  3   -2    2    1  0.0000000000  0.3779644730  0.0000000000
  3    0    2    1  0.2927700219  0.0000000000  0.0000000000
  3    1    2    1  0.0000000000  0.0000000000  0.4780914437
  3    2    2    1  0.3779644730  0.0000000000  0.0000000000
  3   -3    2    2  0.0000000000  0.4629100499  0.0000000000
  3   -1    2    2  0.0000000000  0.1195228609  0.0000000000
  3    1    2    2  0.1195228609  0.0000000000  0.0000000000
  3    2    2    2  0.0000000000  0.0000000000  0.3779644730
  3    3    2    2  0.4629100499  0.0000000000  0.0000000000
  4   -4    3   -3  0.4714045208  0.0000000000  0.0000000000
  4   -3    3   -3  0.0000000000  0.0000000000  0.3333333333
  4   -2    3   -3  0.0890870806  0.0000000000  0.0000000000
  4    2    3   -3  0.0000000000  0.0890870806  0.0000000000
  4    4    3   -3  0.0000000000  0.4714045208  0.0000000000
  4   -3    3   -2  0.4082482905  0.0000000000  0.0000000000
  4   -2    3   -2  0.0000000000  0.0000000000  0.4364357805
  4   -1    3   -2  0.1543033500  0.0000000000  0.0000000000
  4    1    3   -2  0.0000000000  0.1543033500  0.0000000000
  4    3    3   -2  0.0000000000  0.4082482905  0.0000000000
  4   -2    3   -1  0.3450327797  0.0000000000  0.0000000000
  4   -1    3   -1  0.0000000000  0.0000000000  0.4879500365
  4    0    3   -1  0.0000000000  0.3086066999  0.0000000000
  4    2    3   -1  0.0000000000  0.3450327797  0.0000000000
  4   -1    3    0  0.0000000000  0.3984095364  0.0000000000
  4    0    3    0  0.0000000000  0.0000000000  0.5039526307
  4    1    3    0  0.3984095364  0.0000000000  0.0000000000
  4   -2    3    1  0.0000000000  0.3450327797  0.0000000000
  4    0    3    1  0.3086066999  0.0000000000  0.0000000000
  4    1    3    1  0.0000000000  0.0000000000  0.4879500365
  4    2    3    1  0.3450327797  0.0000000000  0.0000000000
  4   -3    3    2  0.0000000000  0.4082482905  0.0000000000
  4   -1    3    2  0.0000000000  0.1543033500  0.0000000000
  4    1    3    2  0.1543033500  0.0000000000  0.0000000000
  4    2    3    2  0.0000000000  0.0000000000  0.4364357805
  4    3    3    2  0.4082482905  0.0000000000  0.0000000000
  4   -4    3    3  0.0000000000  0.4714045208  0.0000000000
  4   -2    3    3  0.0000000000  0.0890870806  0.0000000000
  4    2    3    3  0.0890870806  0.0000000000  0.0000000000
  4    3    3    3  0.0000000000  0.0000000000  0.3333333333
  4    4    3    3  0.4714045208  0.0000000000  0.0000000000
  5   -5    4   -4  0.4767312946  0.0000000000  0.0000000000
  5   -4    4   -4  0.0000000000  0.0000000000  0.3015113446
  5   -3    4   -4  0.0710669055  0.0000000000  0.0000000000
  5    3    4   -4  0.0000000000  0.0710669055  0.0000000000
  5    5    4   -4  0.0000000000  0.4767312946  0.0000000000
  5   -4    4   -3  0.4264014327  0.0000000000  0.0000000000
  5   -3    4   -3  0.0000000000  0.0000000000  0.4020151261
  5   -2    4   -3  0.1230914910  0.0000000000  0.0000000000
  5    2    4   -3  0.0000000000  0.1230914910  0.0000000000
  5    4    4   -3  0.0000000000  0.4264014327  0.0000000000
  5   -3    4   -2  0.3760507165  0.0000000000  0.0000000000
  5   -2    4   -2  0.0000000000  0.0000000000  0.4605661865
  5   -1    4   -2  0.1740776560  0.0000000000  0.0000000000
  5    1    4   -2  0.0000000000  0.1740776560  0.0000000000
  5    3    4   -2  0.0000000000  0.3760507165  0.0000000000
  5   -2    4   -1  0.3256694736  0.0000000000  0.0000000000
  5   -1    4   -1  0.0000000000  0.0000000000  0.4923659639
  5    0    4   -1  0.0000000000  0.3178208631  0.0000000000
  5    2    4   -1  0.0000000000  0.3256694736  0.0000000000
  5   -1    4    0  0.0000000000  0.3892494721  0.0000000000
  5    0    4    0  0.0000000000  0.0000000000  0.5025189076
  5    1    4    0  0.3892494721  0.0000000000  0.0000000000
  5   -2    4    1  0.0000000000  0.3256694736  0.0000000000
  5    0    4    1  0.3178208631  0.0000000000  0.0000000000
  5    1    4    1  0.0000000000  0.0000000000  0.4923659639
  5    2    4    1  0.3256694736  0.0000000000  0.0000000000
  5   -3    4    2  0.0000000000  0.3760507165  0.0000000000
  5   -1    4    2  0.0000000000  0.1740776560  0.0000000000
  5    1    4    2  0.1740776560  0.0000000000  0.0000000000
  5    2    4    2  0.0000000000  0.0000000000  0.4605661865
  5    3    4    2  0.3760507165  0.0000000000  0.0000000000
  5   -4    4    3  0.0000000000  0.4264014327  0.0000000000
  5   -2    4    3  0.0000000000  0.1230914910  0.0000000000
  5    2    4    3  0.1230914910  0.0000000000  0.0000000000
  5    3    4    3  0.0000000000  0.0000000000  0.4020151261
  5    4    4    3  0.4264014327  0.0000000000  0.0000000000
  5   -5    4    4  0.0000000000  0.4767312946  0.0000000000
  5   -3    4    4  0.0000000000  0.0710669055  0.0000000000
  5    3    4    4  0.0710669055  0.0000000000  0.0000000000
  5    4    4    4  0.0000000000  0.0000000000  0.3015113446
  5    5    4    4  0.4767312946  0.0000000000  0.0000000000
  6   -6    5   -5  0.4803844614  0.0000000000  0.0000000000
  6   -5    5   -5  0.0000000000  0.0000000000  0.2773500981
  6   -4    5   -5  0.0591312396  0.0000000000  0.0000000000
  6    4    5   -5  0.0000000000  0.0591312396  0.0000000000
  6    6    5   -5  0.0000000000  0.4803844614  0.0000000000
  6   -5    5   -4  0.4385290097  0.0000000000  0.0000000000
  6   -4    5   -4  0.0000000000  0.0000000000  0.3739787960
  6   -3    5   -4  0.1024183113  0.0000000000  0.0000000000
  6    3    5   -4  0.0000000000  0.1024183113  0.0000000000
  6    5    5   -4  0.0000000000  0.4385290097  0.0000000000
  6   -4    5   -3  0.3966644140  0.0000000000  0.0000000000
  6   -3    5   -3  0.0000000000  0.0000000000  0.4345240946
  6   -2    5   -3  0.1448413649  0.0000000000  0.0000000000
  6    2    5   -3  0.0000000000  0.1448413649  0.0000000000
  6    4    5   -3  0.0000000000  0.3966644140  0.0000000000
  6   -3    5   -2  0.3547874376  0.0000000000  0.0000000000
  6   -2    5   -2  0.0000000000  0.0000000000  0.4730499168
  6   -1    5   -2  0.1869893980  0.0000000000  0.0000000000
  6    1    5   -2  0.0000000000  0.1869893980  0.0000000000
  6    3    5   -2  0.0000000000  0.3547874376  0.0000000000
  6   -2    5   -1  0.3128931094  0.0000000000  0.0000000000
  6   -1    5   -1  0.0000000000  0.0000000000  0.4947274449
  6    0    5   -1  0.0000000000  0.3238751378  0.0000000000
  6    2    5   -1  0.0000000000  0.3128931094  0.0000000000
  6   -1    5    0  0.0000000000  0.3832142310  0.0000000000
  6    0    5    0  0.0000000000  0.0000000000  0.5017452060
  6    1    5    0  0.3832142310  0.0000000000  0.0000000000
  6   -2    5    1  0.0000000000  0.3128931094  0.0000000000
  6    0    5    1  0.3238751378  0.0000000000  0.0000000000
  6    1    5    1  0.0000000000  0.0000000000  0.4947274449
  6    2    5    1  0.3128931094  0.0000000000  0.0000000000
  6   -3    5    2  0.0000000000  0.3547874376  0.0000000000
  6   -1    5    2  0.0000000000  0.1869893980  0.0000000000
  6    1    5    2  0.1869893980  0.0000000000  0.0000000000
  6    2    5    2  0.0000000000  0.0000000000  0.4730499168
  6    3    5    2  0.3547874376  0.0000000000  0.0000000000
  6   -4    5    3  0.0000000000  0.3966644140  0.0000000000
  6   -2    5    3  0.0000000000  0.1448413649  0.0000000000
  6    2    5    3  0.1448413649  0.0000000000  0.0000000000
  6    3    5    3  0.0000000000  0.0000000000  0.4345240946
  6    4    5    3  0.3966644140  0.0000000000  0.0000000000
  6   -5    5    4  0.0000000000  0.4385290097  0.0000000000
  6   -3    5    4  0.0000000000  0.1024183113  0.0000000000
  6    3    5    4  0.1024183113  0.0000000000  0.0000000000
  6    4    5    4  0.0000000000  0.0000000000  0.3739787960
  6    5    5    4  0.4385290097  0.0000000000  0.0000000000
  6   -6    5    5  0.0000000000  0.4803844614  0.0000000000
  6   -4    5    5  0.0000000000  0.0591312396  0.0000000000
  6    4    5    5  0.0591312396  0.0000000000  0.0000000000
  6    5    5    5  0.0000000000  0.0000000000  0.2773500981
  6    6    5    5  0.4803844614  0.0000000000  0.0000000000
  7   -7    6   -6  0.4830458915  0.0000000000  0.0000000000
  7   -6    6   -6  0.0000000000  0.0000000000  0.2581988897
  7   -5    6   -6  0.0506369684  0.0000000000  0.0000000000
  7    5    6   -6  0.0000000000  0.0506369684  0.0000000000
  7    7    6   -6  0.0000000000  0.4830458915  0.0000000000
  7   -6    6   -5  0.4472135955  0.0000000000  0.0000000000
  7   -5    6   -5  0.0000000000  0.0000000000  0.3508232077
  7   -4    6   -5  0.0877058019  0.0000000000  0.0000000000
  7    4    6   -5  0.0000000000  0.0877058019  0.0000000000
  7    6    6   -5  0.0000000000  0.4472135955  0.0000000000
  7   -5    6   -4  0.4113766756  0.0000000000  0.0000000000
  7   -4    6   -4  0.0000000000  0.0000000000  0.4113766756
  7   -3    6   -4  0.1240347346  0.0000000000  0.0000000000
  7    3    6   -4  0.0000000000  0.1240347346  0.0000000000
  7    5    6   -4  0.0000000000  0.4113766756  0.0000000000
  7   -4    6   -3  0.3755338081  0.0000000000  0.0000000000
  7   -3    6   -3  0.0000000000  0.0000000000  0.4529108137
  7   -2    6   -3  0.1601281538  0.0000000000  0.0000000000
  7    2    6   -3  0.0000000000  0.1601281538  0.0000000000
  7    4    6   -3  0.0000000000  0.3755338081  0.0000000000
  7   -3    6   -2  0.3396831102  0.0000000000  0.0000000000
  7   -2    6   -2  0.0000000000  0.0000000000  0.4803844614
  7   -1    6   -2  0.1961161351  0.0000000000  0.0000000000
  7    1    6   -2  0.0000000000  0.1961161351  0.0000000000
  7    3    6   -2  0.0000000000  0.3396831102  0.0000000000
  7   -2    6   -1  0.3038218101  0.0000000000  0.0000000000
  7   -1    6   -1  0.0000000000  0.0000000000  0.4961389384
  7    0    6   -1  0.0000000000  0.3281650617  0.0000000000
  7    2    6   -1  0.0000000000  0.3038218101  0.0000000000
  7   -1    6    0  0.0000000000  0.3789323734  0.0000000000
  7    0    6    0  0.0000000000  0.0000000000  0.5012804118
  7    1    6    0  0.3789323734  0.0000000000  0.0000000000
  7   -2    6    1  0.0000000000  0.3038218101  0.0000000000
  7    0    6    1  0.3281650617  0.0000000000  0.0000000000
  7    1    6    1  0.0000000000  0.0000000000  0.4961389384
  7    2    6    1  0.3038218101  0.0000000000  0.0000000000
  7   -3    6    2  0.0000000000  0.3396831102  0.0000000000
  7   -1    6    2  0.0000000000  0.1961161351  0.0000000000
  7    1    6    2  0.1961161351  0.0000000000  0.0000000000
  7    2    6    2  0.0000000000  0.0000000000  0.4803844614
  7    3    6    2  0.3396831102  0.0000000000  0.0000000000
  7   -4    6    3  0.0000000000  0.3755338081  0.0000000000
  7   -2    6    3  0.0000000000  0.1601281538  0.0000000000
  7    2    6    3  0.1601281538  0.0000000000  0.0000000000
  7    3    6    3  0.0000000000  0.0000000000  0.4529108137
  7    4    6    3  0.3755338081  0.0000000000  0.0000000000
  7   -5    6    4  0.0000000000  0.4113766756  0.0000000000
  7   -3    6    4  0.0000000000  0.1240347346  0.0000000000
  7    3    6    4  0.1240347346  0.0000000000  0.0000000000
  7    4    6    4  0.0000000000  0.0000000000  0.4113766756
  7    5    6    4  0.4113766756  0.0000000000  0.0000000000
  7   -6    6    5  0.0000000000  0.4472135955  0.0000000000
  7   -4    6    5  0.0000000000  0.0877058019  0.0000000000
  7    4    6    5  0.0877058019  0.0000000000  0.0000000000
  7    5    6    5  0.0000000000  0.0000000000  0.3508232077
  7    6    6    5  0.4472135955  0.0000000000  0.0000000000
  7   -7    6    6  0.0000000000  0.4830458915  0.0000000000
  7   -5    6    6  0.0000000000  0.0506369684  0.0000000000
  7    5    6    6  0.0506369684  0.0000000000  0.0000000000
  7    6    6    6  0.0000000000  0.0000000000  0.2581988897
  7    7    6    6  0.4830458915  0.0000000000  0.0000000000
  8   -8    7   -7  0.4850712501  0.0000000000  0.0000000000
  8   -7    7   -7  0.0000000000  0.0000000000  0.2425356250
  8   -6    7   -7  0.0442807443  0.0000000000  0.0000000000
  8    6    7   -7  0.0000000000  0.0442807443  0.0000000000
  8    8    7   -7  0.0000000000  0.4850712501  0.0000000000
  8   -7    7   -6  0.4537426065  0.0000000000  0.0000000000
  8   -6    7   -6  0.0000000000  0.0000000000  0.3313667478
  8   -5    7   -6  0.0766964989  0.0000000000  0.0000000000
  8    5    7   -6  0.0000000000  0.0766964989  0.0000000000
  8    7    7   -6  0.0000000000  0.4537426065  0.0000000000
  8   -6    7   -5  0.4224113783  0.0000000000  0.0000000000
  8   -5    7   -5  0.0000000000  0.0000000000  0.3910769444
  8   -4    7   -5  0.1084652289  0.0000000000  0.0000000000
  8    4    7   -5  0.0000000000  0.1084652289  0.0000000000
  8    6    7   -5  0.0000000000  0.4224113783  0.0000000000
  8   -5    7   -4  0.3910769444  0.0000000000  0.0000000000
  8   -4    7   -4  0.0000000000  0.0000000000  0.4338609156
  8   -3    7   -4  0.1400280084  0.0000000000  0.0000000000
  8    3    7   -4  0.0000000000  0.1400280084  0.0000000000
  8    5    7   -4  0.0000000000  0.3910769444  0.0000000000
  8   -4    7   -3  0.3597384671  0.0000000000  0.0000000000
  8   -3    7   -3  0.0000000000  0.0000000000  0.4644203640
  8   -2    7   -3  0.1714985851  0.0000000000  0.0000000000
  8    2    7   -3  0.0000000000  0.1714985851  0.0000000000
  8    4    7   -3  0.0000000000  0.3597384671  0.0000000000
  8   -3    7   -2  0.3283947887  0.0000000000  0.0000000000
  8   -2    7   -2  0.0000000000  0.0000000000  0.4850712501
  8   -1    7   -2  0.2029198625  0.0000000000  0.0000000000
  8    1    7   -2  0.0000000000  0.2029198625  0.0000000000
  8    3    7   -2  0.0000000000  0.3283947887  0.0000000000
  8   -2    7   -1  0.2970442629  0.0000000000  0.0000000000
  8   -1    7   -1  0.0000000000  0.0000000000  0.4970501217
  8    0    7   -1  0.0000000000  0.3313667478  0.0000000000
  8    2    7   -1  0.0000000000  0.2970442629  0.0000000000
  8   -1    7    0  0.0000000000  0.3757345747  0.0000000000
  8    0    7    0  0.0000000000  0.0000000000  0.5009794329
  8    1    7    0  0.3757345747  0.0000000000  0.0000000000
  8   -2    7    1  0.0000000000  0.2970442629  0.0000000000
  8    0    7    1  0.3313667478  0.0000000000  0.0000000000
  8    1    7    1  0.0000000000  0.0000000000  0.4970501217
  8    2    7    1  0.2970442629  0.0000000000  0.0000000000
  8   -3    7    2  0.0000000000  0.3283947887  0.0000000000
  8   -1    7    2  0.0000000000  0.2029198625  0.0000000000
  8    1    7    2  0.2029198625  0.0000000000  0.0000000000
  8    2    7    2  0.0000000000  0.0000000000  0.4850712501
  8    3    7    2  0.3283947887  0.0000000000  0.0000000000
  8   -4    7    3  0.0000000000  0.3597384671  0.0000000000
  8   -2    7    3  0.0000000000  0.1714985851  0.0000000000
  8    2    7    3  0.1714985851  0.0000000000  0.0000000000
  8    3    7    3  0.0000000000  0.0000000000  0.4644203640
  8    4    7    3  0.3597384671  0.0000000000  0.0000000000
  8   -5    7    4  0.0000000000  0.3910769444  0.0000000000
  8   -3    7    4  0.0000000000  0.1400280084  0.0000000000
  8    3    7    4  0.1400280084  0.0000000000  0.0000000000
  8    4    7    4  0.0000000000  0.0000000000  0.4338609156
  8    5    7    4  0.3910769444  0.0000000000  0.0000000000
  8   -6    7    5  0.0000000000  0.4224113783  0.0000000000
  8   -4    7    5  0.0000000000  0.1084652289  0.0000000000
  8    4    7    5  0.1084652289  0.0000000000  0.0000000000
  8    5    7    5  0.0000000000  0.0000000000  0.3910769444
  8    6    7    5  0.4224113783  0.0000000000  0.0000000000
  8   -7    7    6  0.0000000000  0.4537426065  0.0000000000
  8   -5    7    6  0.0000000000  0.0766964989  0.0000000000
  8    5    7    6  0.0766964989  0.0000000000  0.0000000000
  8    6    7    6  0.0000000000  0.0000000000  0.3313667478
  8    7    7    6  0.4537426065  0.0000000000  0.0000000000
  8   -8    7    7  0.0000000000  0.4850712501  0.0000000000
  8   -6    7    7  0.0000000000  0.0442807443  0.0000000000
  8    6    7    7  0.0442807443  0.0000000000  0.0000000000
  8    7    7    7  0.0000000000  0.0000000000  0.2425356250
  8    8    7    7  0.4850712501  0.0000000000  0.0000000000
  9   -9    8   -8  0.4866642634  0.0000000000  0.0000000000
  9   -8    8   -8  0.0000000000  0.0000000000  0.2294157339
  9   -7    8   -8  0.0393444738  0.0000000000  0.0000000000
  9    7    8   -8  0.0000000000  0.0393444738  0.0000000000
  9    9    8   -8  0.0000000000  0.4866642634  0.0000000000
  9   -8    8   -7  0.4588314677  0.0000000000  0.0000000000
  9   -7    8   -7  0.0000000000  0.0000000000  0.3147557901
  9   -6    8   -7  0.0681466276  0.0000000000  0.0000000000
  9    6    8   -7  0.0000000000  0.0681466276  0.0000000000
  9    8    8   -7  0.0000000000  0.4588314677  0.0000000000
  9   -7    8   -6  0.4309971159  0.0000000000  0.0000000000
  9   -6    8   -6  0.0000000000  0.0000000000  0.3732544513
  9   -5    8   -6  0.0963738849  0.0000000000  0.0000000000
  9    5    8   -6  0.0000000000  0.0963738849  0.0000000000
  9    7    8   -6  0.0000000000  0.4309971159  0.0000000000
  9   -6    8   -5  0.4031608856  0.0000000000  0.0000000000
  9   -5    8   -5  0.0000000000  0.0000000000  0.4163827722
  9   -4    8   -5  0.1244181504  0.0000000000  0.0000000000
  9    4    8   -5  0.0000000000  0.1244181504  0.0000000000
  9    6    8   -5  0.0000000000  0.4031608856  0.0000000000
  9   -5    8   -4  0.3753223589  0.0000000000  0.0000000000
  9   -4    8   -4  0.0000000000  0.0000000000  0.4485960210
  9   -3    8   -4  0.1523804917  0.0000000000  0.0000000000
  9    3    8   -4  0.0000000000  0.1523804917  0.0000000000
  9    5    8   -4  0.0000000000  0.3753223589  0.0000000000
  9   -4    8   -3  0.3474809837  0.0000000000  0.0000000000
  9   -3    8   -3  0.0000000000  0.0000000000  0.4721336852
  9   -2    8   -3  0.1802990292  0.0000000000  0.0000000000
  9    2    8   -3  0.0000000000  0.1802990292  0.0000000000
  9    4    8   -3  0.0000000000  0.3474809837  0.0000000000
  9   -3    8   -2  0.3196360159  0.0000000000  0.0000000000
  9   -2    8   -2  0.0000000000  0.0000000000  0.4882520792
  9   -1    8   -2  0.2081913861  0.0000000000  0.0000000000
  9    1    8   -2  0.0000000000  0.2081913861  0.0000000000
  9    3    8   -2  0.0000000000  0.3196360159  0.0000000000
  9   -2    8   -1  0.2917864268  0.0000000000  0.0000000000
  9   -1    8   -1  0.0000000000  0.0000000000  0.4976726018
  9    0    8   -1  0.0000000000  0.3338489304  0.0000000000
  9    2    8   -1  0.0000000000  0.2917864268  0.0000000000
  9   -1    8    0  0.0000000000  0.3732544513  0.0000000000
  9    0    8    0  0.0000000000  0.0000000000  0.5007733957
  9    1    8    0  0.3732544513  0.0000000000  0.0000000000
  9   -2    8    1  0.0000000000  0.2917864268  0.0000000000
  9    0    8    1  0.3338489304  0.0000000000  0.0000000000
  9    1    8    1  0.0000000000  0.0000000000  0.4976726018
  9    2    8    1  0.2917864268  0.0000000000  0.0000000000
  9   -3    8    2  0.0000000000  0.3196360159  0.0000000000
  9   -1    8    2  0.0000000000  0.2081913861  0.0000000000
  9    1    8    2  0.2081913861  0.0000000000  0.0000000000
  9    2    8    2  0.0000000000  0.0000000000  0.4882520792
  9    3    8    2  0.3196360159  0.0000000000  0.0000000000
  9   -4    8    3  0.0000000000  0.3474809837  0.0000000000
  9   -2    8    3  0.0000000000  0.1802990292  0.0000000000
  9    2    8    3  0.1802990292  0.0000000000  0.0000000000
  9    3    8    3  0.0000000000  0.0000000000  0.4721336852
  9    4    8    3  0.3474809837  0.0000000000  0.0000000000
  9   -5    8    4  0.0000000000  0.3753223589  0.0000000000
  9   -3    8    4  0.0000000000  0.1523804917  0.0000000000
  9    3    8    4  0.1523804917  0.0000000000  0.0000000000
  9    4    8    4  0.0000000000  0.0000000000  0.4485960210
  9    5    8    4  0.3753223589  0.0000000000  0.0000000000
  9   -6    8    5  0.0000000000  0.4031608856  0.0000000000
  9   -4    8    5  0.0000000000  0.1244181504  0.0000000000
  9    4    8    5  0.1244181504  0.0000000000  0.0000000000
  9    5    8    5  0.0000000000  0.0000000000  0.4163827722
  9    6    8    5  0.4031608856  0.0000000000  0.0000000000
  9   -7    8    6  0.0000000000  0.4309971159  0.0000000000
  9   -5    8    6  0.0000000000  0.0963738849  0.0000000000
  9    5    8    6  0.0963738849  0.0000000000  0.0000000000
  9    6    8    6  0.0000000000  0.0000000000  0.3732544513
  9    7    8    6  0.4309971159  0.0000000000  0.0000000000
  9   -8    8    7  0.0000000000  0.4588314677  0.0000000000
  9   -6    8    7  0.0000000000  0.0681466276  0.0000000000
  9    6    8    7  0.0681466276  0.0000000000  0.0000000000
  9    7    8    7  0.0000000000  0.0000000000  0.3147557901
  9    8    8    7  0.4588314677  0.0000000000  0.0000000000
  9   -9    8    8  0.0000000000  0.4866642634  0.0000000000
  9   -7    8    8  0.0000000000  0.0393444738  0.0000000000
  9    7    8    8  0.0393444738  0.0000000000  0.0000000000
  9    8    8    8  0.0000000000  0.0000000000  0.2294157339
  9    9    8    8  0.4866642634  0.0000000000  0.0000000000
 10  -10    9   -9  0.4879500365  0.0000000000  0.0000000000
 10   -9    9   -9  0.0000000000  0.0000000000  0.2182178902
 10   -8    9   -9  0.0353996163  0.0000000000  0.0000000000
 10    8    9   -9  0.0000000000  0.0353996163  0.0000000000
 10   10    9   -9  0.0000000000  0.4879500365  0.0000000000
 10   -9    9   -8  0.4629100499  0.0000000000  0.0000000000
 10   -8    9   -8  0.0000000000  0.0000000000  0.3003757046
 10   -7    9   -8  0.0613139339  0.0000000000  0.0000000000
 10    7    9   -8  0.0000000000  0.0613139339  0.0000000000
 10    9    9   -8  0.0000000000  0.4629100499  0.0000000000
 10   -8    9   -7  0.4378690710  0.0000000000  0.0000000000
 10   -7    9   -7  0.0000000000  0.0000000000  0.3575185993
 10   -6    9   -7  0.0867109970  0.0000000000  0.0000000000
 10    6    9   -7  0.0000000000  0.0867109970  0.0000000000
 10    8    9   -7  0.0000000000  0.4378690710  0.0000000000
 10   -7    9   -6  0.4128269191  0.0000000000  0.0000000000
 10   -6    9   -6  0.0000000000  0.0000000000  0.4005009395
 10   -5    9   -6  0.1119434157  0.0000000000  0.0000000000
 10    5    9   -6  0.0000000000  0.1119434157  0.0000000000
 10    7    9   -6  0.0000000000  0.4128269191  0.0000000000
 10   -6    9   -5  0.3877833672  0.0000000000  0.0000000000
 10   -5    9   -5  0.0000000000  0.0000000000  0.4335549848
 10   -4    9   -5  0.1371021243  0.0000000000  0.0000000000
 10    4    9   -5  0.0000000000  0.1371021243  0.0000000000
 10    6    9   -5  0.0000000000  0.3877833672  0.0000000000
 10   -5    9   -4  0.3627381251  0.0000000000  0.0000000000
 10   -4    9   -4  0.0000000000  0.0000000000  0.4588314677
 10   -3    9   -4  0.1622214211  0.0000000000  0.0000000000
 10    3    9   -4  0.0000000000  0.1622214211  0.0000000000
 10    5    9   -4  0.0000000000  0.3627381251  0.0000000000
 10   -4    9   -3  0.3376908168  0.0000000000  0.0000000000
 10   -3    9   -3  0.0000000000  0.0000000000  0.4775669329
 10   -2    9   -3  0.1873171623  0.0000000000  0.0000000000
 10    2    9   -3  0.0000000000  0.1873171623  0.0000000000
 10    4    9   -3  0.0000000000  0.3376908168  0.0000000000
 10   -3    9   -2  0.3126409457  0.0000000000  0.0000000000
 10   -2    9   -2  0.0000000000  0.0000000000  0.4905114716
 10   -1    9   -2  0.2123976976  0.0000000000  0.0000000000
 10    1    9   -2  0.0000000000  0.2123976976  0.0000000000
 10    3    9   -2  0.0000000000  0.3126409457  0.0000000000
 10   -2    9   -1  0.2875878421  0.0000000000  0.0000000000
 10   -1    9   -1  0.0000000000  0.0000000000  0.4981167541
 10    0    9   -1  0.0000000000  0.3358302471  0.0000000000
 10    2    9   -1  0.0000000000  0.2875878421  0.0000000000
 10   -1    9    0  0.0000000000  0.3712743077  0.0000000000
 10    0    9    0  0.0000000000  0.0000000000  0.5006261743
 10    1    9    0  0.3712743077  0.0000000000  0.0000000000
 10   -2    9    1  0.0000000000  0.2875878421  0.0000000000
 10    0    9    1  0.3358302471  0.0000000000  0.0000000000
 10    1    9    1  0.0000000000  0.0000000000  0.4981167541
 10    2    9    1  0.2875878421  0.0000000000  0.0000000000
 10   -3    9    2  0.0000000000  0.3126409457  0.0000000000
 10   -1    9    2  0.0000000000  0.2123976976  0.0000000000
 10    1    9    2  0.2123976976  0.0000000000  0.0000000000
 10    2    9    2  0.0000000000  0.0000000000  0.4905114716
 10    3    9    2  0.3126409457  0.0000000000  0.0000000000
 10   -4    9    3  0.0000000000  0.3376908168  0.0000000000
 10   -2    9    3  0.0000000000  0.1873171623  0.0000000000
 10    2    9    3  0.1873171623  0.0000000000  0.0000000000
 10    3    9    3  0.0000000000  0.0000000000  0.4775669329
 10    4    9    3  0.3376908168  0.0000000000  0.0000000000
 10   -5    9    4  0.0000000000  0.3627381251  0.0000000000
 10   -3    9    4  0.0000000000  0.1622214211  0.0000000000
 10    3    9    4  0.1622214211  0.0000000000  0.0000000000
 10    4    9    4  0.0000000000  0.0000000000  0.4588314677
 10    5    9    4  0.3627381251  0.0000000000  0.0000000000
 10   -6    9    5  0.0000000000  0.3877833672  0.0000000000
 10   -4    9    5  0.0000000000  0.1371021243  0.0000000000
 10    4    9    5  0.1371021243  0.0000000000  0.0000000000
 10    5    9    5  0.0000000000  0.0000000000  0.4335549848
 10    6    9    5  0.3877833672  0.0000000000  0.0000000000
 10   -7    9    6  0.0000000000  0.4128269191  0.0000000000
 10   -5    9    6  0.0000000000  0.1119434157  0.0000000000
 10    5    9    6  0.1119434157  0.0000000000  0.0000000000
 10    6    9    6  0.0000000000  0.0000000000  0.4005009395
 10    7    9    6  0.4128269191  0.0000000000  0.0000000000
 10   -8    9    7  0.0000000000  0.4378690710  0.0000000000
 10   -6    9    7  0.0000000000  0.0867109970  0.0000000000
 10    6    9    7  0.0867109970  0.0000000000  0.0000000000
 10    7    9    7  0.0000000000  0.0000000000  0.3575185993
 10    8    9    7  0.4378690710  0.0000000000  0.0000000000
 10   -9    9    8  0.0000000000  0.4629100499  0.0000000000
 10   -7    9    8  0.0000000000  0.0613139339  0.0000000000
 10    7    9    8  0.0613139339  0.0000000000  0.0000000000
 10    8    9    8  0.0000000000  0.0000000000  0.3003757046
 10    9    9    8  0.4629100499  0.0000000000  0.0000000000
 10  -10    9    9  0.0000000000  0.4879500365  0.0000000000
 10   -8    9    9  0.0000000000  0.0353996163  0.0000000000
 10    8    9    9  0.0353996163  0.0000000000  0.0000000000
 10    9    9    9  0.0000000000  0.0000000000  0.2182178902
 10   10    9    9  0.4879500365  0.0000000000  0.0000000000
 11  -11   10  -10  0.4890096469  0.0000000000  0.0000000000
 11  -10   10  -10  0.0000000000  0.0000000000  0.2085144141
 11   -9   10  -10  0.0321744726  0.0000000000  0.0000000000
 11    9   10  -10  0.0000000000  0.0321744726  0.0000000000
 11   11   10  -10  0.0000000000  0.4890096469  0.0000000000
 11  -10   10   -9  0.4662524041  0.0000000000  0.0000000000
 11   -9   10   -9  0.0000000000  0.0000000000  0.2877772315
 11   -8   10   -9  0.0557278213  0.0000000000  0.0000000000
 11    8   10   -9  0.0000000000  0.0557278213  0.0000000000
 11   10   10   -9  0.0000000000  0.4662524041  0.0000000000
 11   -9   10   -8  0.4434944990  0.0000000000  0.0000000000
 11   -8   10   -8  0.0000000000  0.0000000000  0.3435293617
 11   -7   10   -8  0.0788110406  0.0000000000  0.0000000000
 11    7   10   -8  0.0000000000  0.0788110406  0.0000000000
 11    9   10   -8  0.0000000000  0.4434944990  0.0000000000
 11   -8   10   -7  0.4207358239  0.0000000000  0.0000000000
 11   -7   10   -7  0.0000000000  0.0000000000  0.3860936713
 11   -6   10   -7  0.1017446159  0.0000000000  0.0000000000
 11    6   10   -7  0.0000000000  0.1017446159  0.0000000000
 11    8   10   -7  0.0000000000  0.4207358239  0.0000000000
 11   -7   10   -6  0.3979762470  0.0000000000  0.0000000000
 11   -6   10   -6  0.0000000000  0.0000000000  0.4195037984
 11   -5   10   -6  0.1246111966  0.0000000000  0.0000000000
 11    5   10   -6  0.0000000000  0.1246111966  0.0000000000
 11    7   10   -6  0.0000000000  0.3979762470  0.0000000000
 11   -6   10   -5  0.3752156040  0.0000000000  0.0000000000
 11   -5   10   -5  0.0000000000  0.0000000000  0.4458225701
 11   -4   10   -5  0.1474419562  0.0000000000  0.0000000000
 11    4   10   -5  0.0000000000  0.1474419562  0.0000000000
 11    6   10   -5  0.0000000000  0.3752156040  0.0000000000
 11   -5   10   -4  0.3524536884  0.0000000000  0.0000000000
 11   -4   10   -4  0.0000000000  0.0000000000  0.4662524041
 11   -3   10   -4  0.1702513062  0.0000000000  0.0000000000
 11    3   10   -4  0.0000000000  0.1702513062  0.0000000000
 11    5   10   -4  0.0000000000  0.3524536884  0.0000000000
 11   -4   10   -3  0.3296902367  0.0000000000  0.0000000000
 11   -3   10   -3  0.0000000000  0.0000000000  0.4815434123
 11   -2   10   -3  0.1930468356  0.0000000000  0.0000000000
 11    2   10   -3  0.0000000000  0.1930468356  0.0000000000
 11    4   10   -3  0.0000000000  0.3296902367  0.0000000000
 11   -3   10   -2  0.3069249070  0.0000000000  0.0000000000
 11   -2   10   -2  0.0000000000  0.0000000000  0.4921747909
 11   -1   10   -2  0.2158329237  0.0000000000  0.0000000000
 11    1   10   -2  0.0000000000  0.2158329237  0.0000000000
 11    3   10   -2  0.0000000000  0.3069249070  0.0000000000
 11   -2   10   -1  0.2841572480  0.0000000000  0.0000000000
 11   -1   10   -1  0.0000000000  0.0000000000  0.4984447863
 11    0   10   -1  0.0000000000  0.3374487155  0.0000000000
 11    2   10   -1  0.0000000000  0.2841572480  0.0000000000
 11   -1   10    0  0.0000000000  0.3696565470  0.0000000000
 11    0   10    0  0.0000000000  0.0000000000  0.5005173307
 11    1   10    0  0.3696565470  0.0000000000  0.0000000000
 11   -2   10    1  0.0000000000  0.2841572480  0.0000000000
 11    0   10    1  0.3374487155  0.0000000000  0.0000000000
 11    1   10    1  0.0000000000  0.0000000000  0.4984447863
 11    2   10    1  0.2841572480  0.0000000000  0.0000000000
 11   -3   10    2  0.0000000000  0.3069249070  0.0000000000
 11   -1   10    2  0.0000000000  0.2158329237  0.0000000000
 11    1   10    2  0.2158329237  0.0000000000  0.0000000000
 11    2   10    2  0.0000000000  0.0000000000  0.4921747909
 11    3   10    2  0.3069249070  0.0000000000  0.0000000000
 11   -4   10    3  0.0000000000  0.3296902367  0.0000000000
 11   -2   10    3  0.0000000000  0.1930468356  0.0000000000
 11    2   10    3  0.1930468356  0.0000000000  0.0000000000
 11    3   10    3  0.0000000000  0.0000000000  0.4815434123
 11    4   10    3  0.3296902367  0.0000000000  0.0000000000
 11   -5   10    4  0.0000000000  0.3524536884  0.0000000000
 11   -3   10    4  0.0000000000  0.1702513062  0.0000000000
 11    3   10    4  0.1702513062  0.0000000000  0.0000000000
 11    4   10    4  0.0000000000  0.0000000000  0.4662524041
 11    5   10    4  0.3524536884  0.0000000000  0.0000000000
 11   -6   10    5  0.0000000000  0.3752156040  0.0000000000
 11   -4   10    5  0.0000000000  0.1474419562  0.0000000000
 11    4   10    5  0.1474419562  0.0000000000  0.0000000000
 11    5   10    5  0.0000000000  0.0000000000  0.4458225701
 11    6   10    5  0.3752156040  0.0000000000  0.0000000000
 11   -7   10    6  0.0000000000  0.3979762470  0.0000000000
 11   -5   10    6  0.0000000000  0.1246111966  0.0000000000
 11    5   10    6  0.1246111966  0.0000000000  0.0000000000
 11    6   10    6  0.0000000000  0.0000000000  0.4195037984
 11    7   10    6  0.3979762470  0.0000000000  0.0000000000
 11   -8   10    7  0.0000000000  0.4207358239  0.0000000000
 11   -6   10    7  0.0000000000  0.1017446159  0.0000000000
 11    6   10    7  0.1017446159  0.0000000000  0.0000000000
 11    7   10    7  0.0000000000  0.0000000000  0.3860936713
 11    8   10    7  0.4207358239  0.0000000000  0.0000000000
 11   -9   10    8  0.0000000000  0.4434944990  0.0000000000
 11   -7   10    8  0.0000000000  0.0788110406  0.0000000000
 11    7   10    8  0.0788110406  0.0000000000  0.0000000000
 11    8   10    8  0.0000000000  0.0000000000  0.3435293617
 11    9   10    8  0.4434944990  0.0000000000  0.0000000000
 11  -10   10    9  0.0000000000  0.4662524041  0.0000000000
 11   -8   10    9  0.0000000000  0.0557278213  0.0000000000
 11    8   10    9  0.0557278213  0.0000000000  0.0000000000
 11    9   10    9  0.0000000000  0.0000000000  0.2877772315
 11   10   10    9  0.4662524041  0.0000000000  0.0000000000
 11  -11   10   10  0.0000000000  0.4890096469  0.0000000000
 11   -9   10   10  0.0000000000  0.0321744726  0.0000000000
 11    9   10   10  0.0321744726  0.0000000000  0.0000000000
 11   10   10   10  0.0000000000  0.0000000000  0.2085144141
 11   11   10   10  0.4890096469  0.0000000000  0.0000000000
 12  -12   11  -11  0.4898979486  0.0000000000  0.0000000000
 12  -11   11  -11  0.0000000000  0.0000000000  0.2000000000
 12  -10   11  -11  0.0294883912  0.0000000000  0.0000000000
 12   10   11  -11  0.0000000000  0.0294883912  0.0000000000
 12   12   11  -11  0.0000000000  0.4898979486  0.0000000000
 12  -11   11  -10  0.4690415760  0.0000000000  0.0000000000
 12  -10   11  -10  0.0000000000  0.0000000000  0.2766256299
 12   -9   11  -10  0.0510753918  0.0000000000  0.0000000000
 12    9   11  -10  0.0000000000  0.0510753918  0.0000000000
 12   11   11  -10  0.0000000000  0.4690415760  0.0000000000
 12  -10   11   -9  0.4481847445  0.0000000000  0.0000000000
 12   -9   11   -9  0.0000000000  0.0000000000  0.3310063706
 12   -8   11   -9  0.0722315119  0.0000000000  0.0000000000
 12    8   11   -9  0.0000000000  0.0722315119  0.0000000000
 12   10   11   -9  0.0000000000  0.4481847445  0.0000000000
 12   -9   11   -8  0.4273273870  0.0000000000  0.0000000000
 12   -8   11   -8  0.0000000000  0.0000000000  0.3730019233
 12   -7   11   -8  0.0932504808  0.0000000000  0.0000000000
 12    7   11   -8  0.0000000000  0.0932504808  0.0000000000
 12    9   11   -8  0.0000000000  0.4273273870  0.0000000000
 12   -8   11   -7  0.4064694223  0.0000000000  0.0000000000
 12   -7   11   -7  0.0000000000  0.0000000000  0.4064694223
 12   -6   11   -7  0.1142080481  0.0000000000  0.0000000000
 12    6   11   -7  0.0000000000  0.1142080481  0.0000000000
 12    8   11   -7  0.0000000000  0.4064694223  0.0000000000
 12   -7   11   -6  0.3856107522  0.0000000000  0.0000000000
 12   -6   11   -6  0.0000000000  0.0000000000  0.4333890711
 12   -5   11   -6  0.1351327849  0.0000000000  0.0000000000
 12    5   11   -6  0.0000000000  0.1351327849  0.0000000000
 12    7   11   -6  0.0000000000  0.3856107522  0.0000000000
 12   -6   11   -5  0.3647512553  0.0000000000  0.0000000000
 12   -5   11   -5  0.0000000000  0.0000000000  0.4549247429
 12   -4   11   -5  0.1560378995  0.0000000000  0.0000000000
 12    4   11   -5  0.0000000000  0.1560378995  0.0000000000
 12    6   11   -5  0.0000000000  0.3647512553  0.0000000000
 12   -5   11   -4  0.3438907814  0.0000000000  0.0000000000
 12   -4   11   -4  0.0000000000  0.0000000000  0.4718142597
 12   -3   11   -4  0.1769303474  0.0000000000  0.0000000000
 12    3   11   -4  0.0000000000  0.1769303474  0.0000000000
 12    5   11   -4  0.0000000000  0.3438907814  0.0000000000
 12   -4   11   -3  0.3230291412  0.0000000000  0.0000000000
 12   -3   11   -3  0.0000000000  0.0000000000  0.4845437119
 12   -2   11   -3  0.1978141420  0.0000000000  0.0000000000
 12    2   11   -3  0.0000000000  0.1978141420  0.0000000000
 12    4   11   -3  0.0000000000  0.3230291412  0.0000000000
 12   -3   11   -2  0.3021660931  0.0000000000  0.0000000000
 12   -2   11   -2  0.0000000000  0.0000000000  0.4934351638
 12   -1   11   -2  0.2186917624  0.0000000000  0.0000000000
 12    1   11   -2  0.0000000000  0.2186917624  0.0000000000
 12    3   11   -2  0.0000000000  0.3021660931  0.0000000000
 12   -2   11   -1  0.2813013238  0.0000000000  0.0000000000
 12   -1   11   -1  0.0000000000  0.0000000000  0.4986939464
 12    0   11   -1  0.0000000000  0.3387958216  0.0000000000
 12    2   11   -1  0.0000000000  0.2813013238  0.0000000000
 12   -1   11    0  0.0000000000  0.3683098884  0.0000000000
 12    0   11    0  0.0000000000  0.0000000000  0.5004345935
 12    1   11    0  0.3683098884  0.0000000000  0.0000000000
 12   -2   11    1  0.0000000000  0.2813013238  0.0000000000
 12    0   11    1  0.3387958216  0.0000000000  0.0000000000
 12    1   11    1  0.0000000000  0.0000000000  0.4986939464
 12    2   11    1  0.2813013238  0.0000000000  0.0000000000
 12   -3   11    2  0.0000000000  0.3021660931  0.0000000000
 12   -1   11    2  0.0000000000  0.2186917624  0.0000000000
 12    1   11    2  0.2186917624  0.0000000000  0.0000000000
 12    2   11    2  0.0000000000  0.0000000000  0.4934351638
 12    3   11    2  0.3021660931  0.0000000000  0.0000000000
 12   -4   11    3  0.0000000000  0.3230291412  0.0000000000
 12   -2   11    3  0.0000000000  0.1978141420  0.0000000000
 12    2   11    3  0.1978141420  0.0000000000  0.0000000000
 12    3   11    3  0.0000000000  0.0000000000  0.4845437119
 12    4   11    3  0.3230291412  0.0000000000  0.0000000000
 12   -5   11    4  0.0000000000  0.3438907814  0.0000000000
 12   -3   11    4  0.0000000000  0.1769303474  0.0000000000
 12    3   11    4  0.1769303474  0.0000000000  0.0000000000
 12    4   11    4  0.0000000000  0.0000000000  0.4718142597
 12    5   11    4  0.3438907814  0.0000000000  0.0000000000
 12   -6   11    5  0.0000000000  0.3647512553  0.0000000000
 12   -4   11    5  0.0000000000  0.1560378995  0.0000000000
 12    4   11    5  0.1560378995  0.0000000000  0.0000000000
 12    5   11    5  0.0000000000  0.0000000000  0.4549247429
 12    6   11    5  0.3647512553  0.0000000000  0.0000000000
 12   -7   11    6  0.0000000000  0.3856107522  0.0000000000
 12   -5   11    6  0.0000000000  0.1351327849  0.0000000000
 12    5   11    6  0.1351327849  0.0000000000  0.0000000000
 12    6   11    6  0.0000000000  0.0000000000  0.4333890711
 12    7   11    6  0.3856107522  0.0000000000  0.0000000000
 12   -8   11    7  0.0000000000  0.4064694223  0.0000000000
 12   -6   11    7  0.0000000000  0.1142080481  0.0000000000
 12    6   11    7  0.1142080481  0.0000000000  0.0000000000
 12    7   11    7  0.0000000000  0.0000000000  0.4064694223
 12    8   11    7  0.4064694223  0.0000000000  0.0000000000
 12   -9   11    8  0.0000000000  0.4273273870  0.0000000000
 12   -7   11    8  0.0000000000  0.0932504808  0.0000000000
 12    7   11    8  0.0932504808  0.0000000000  0.0000000000
 12    8   11    8  0.0000000000  0.0000000000  0.3730019233
 12    9   11    8  0.4273273870  0.0000000000  0.0000000000
 12  -10   11    9  0.0000000000  0.4481847445  0.0000000000
 12   -8   11    9  0.0000000000  0.0722315119  0.0000000000
 12    8   11    9  0.0722315119  0.0000000000  0.0000000000
 12    9   11    9  0.0000000000  0.0000000000  0.3310063706
 12   10   11    9  0.4481847445  0.0000000000  0.0000000000
 12  -11   11   10  0.0000000000  0.4690415760  0.0000000000
 12   -9   11   10  0.0000000000  0.0510753918  0.0000000000
 12    9   11   10  0.0510753918  0.0000000000  0.0000000000
 12   10   11   10  0.0000000000  0.0000000000  0.2766256299
 12   11   11   10  0.4690415760  0.0000000000  0.0000000000
 12  -12   11   11  0.0000000000  0.4898979486  0.0000000000
 12  -10   11   11  0.0000000000  0.0294883912  0.0000000000
 12   10   11   11  0.0294883912  0.0000000000  0.0000000000
 12   11   11   11  0.0000000000  0.0000000000  0.2000000000
 12   12   11   11  0.4898979486  0.0000000000  0.0000000000
